MEMORY
  total           15016 KB
  struct            159 KB
  buffer            520 KB
  arena           14336 KB, used 0.1%

SIZES
  narena                14680064
  nbuffer               532944
  nplugin               0
  maxuse_stack          3428
  maxuse_arena          15824
  maxuse_con            0
  maxuse_efc            16
  ncon                  0
  ne                    0
  nf                    16
  nl                    0
  nefc                  16
  nJ                    352
  nA                    0
  nisland               4
  nidof                 16
  ntree_awake           5
  nbody_awake           19
  nparent_awake         18
  nv_awake              22
  flg_energypos         0
  flg_energyvel         0
  flg_subtreevel        0
  flg_rnepost           0
  threadpool            0

TIMER
    0:  duration =  0          number = 0
    1:  duration =  0.18       number = 1
    2:  duration =  0          number = 0
    3:  duration =  0.14       number = 1
    4:  duration =  0.0087     number = 1
    5:  duration =  0.0041     number = 1
    6:  duration =  0.014      number = 1
    7:  duration =  0          number = 0
    8:  duration =  0.016      number = 1
    9:  duration =  0.0045     number = 1
    10:  duration =  0.098      number = 1
    11:  duration =  0.018      number = 1
    12:  duration =  0.0004     number = 1
    13:  duration =  0.019      number = 1
    14:  duration =  0.02       number = 1

SOLVER STAT
  solver_fwdinv =   0         0       
  ISLAND 0
    solver_niter = 1
    solver_nnz = 16
      0:  improvement =  0.0035      gradient =  1.3e-16     lineslope =  0       
          nactive = 4   nchange = 0   neval = 2   nupdate = 0

  ISLAND 1
    solver_niter = 1
    solver_nnz = 16
      0:  improvement =  0.0035      gradient =  5.2e-17     lineslope =  0       
          nactive = 4   nchange = 0   neval = 2   nupdate = 0

  ISLAND 2
    solver_niter = 1
    solver_nnz = 16
      0:  improvement =  0.0035      gradient =  3e-17       lineslope =  0       
          nactive = 4   nchange = 0   neval = 2   nupdate = 0

  ISLAND 3
    solver_niter = 1
    solver_nnz = 16
      0:  improvement =  0.0024      gradient =  2.2e-17     lineslope =  4.8e-18 
          nactive = 4   nchange = 0   neval = 2   nupdate = 0

ENERGY =   0         0       

TIME =  0       

QPOS
   1.7     
   0.19    
   0.19    
   0.048   
   1.3     
   0.095   
  -0.24    
   0.49    
   1.6     
  -0.14    
   0.25    
   0.057   
   2.1     
   0.15    
  -0.14    
   0.22    
  -0.033   
   0.04    
   0.66    
   0.93    
   0.08    
  -0.05    
   0.36    

QVEL
   0       
   0       
   0       
   0       
   0       
   0       
   0       
   0       
   0       
   0       
   0       
   0       
   0       
   0       
   0       
   0       
   0       
   0       
   0       
   0       
   0       
   0       

QACC_WARMSTART
   0       
   0       
   0       
   0       
   0       
   0       
   0       
   0       
   0       
   0       
   0       
   0       
   0       
   0       
   0       
   0       
   0       
   0       
   0       
   0       
   0       
   0       

CTRL
   1.7     
   0.19    
   0.19    
   0.048   
   1.3     
   0.095   
  -0.24    
   0.49    
   1.6     
  -0.14    
   0.25    
   0.057   
   2.1     
   0.15    
  -0.14    
   0.22    

QFRC_APPLIED
   0       
   0       
   0       
   0       
   0       
   0       
   0       
   0       
   0       
   0       
   0       
   0       
   0       
   0       
   0       
   0       
   0       
   0       
   0       
   0       
   0       
   0       

XFRC_APPLIED
   0         0         0         0         0         0       
   0         0         0         0         0         0       
   0         0         0         0         0         0       
   0         0         0         0         0         0       
   0         0         0         0         0         0       
   0         0         0         0         0         0       
   0         0         0         0         0         0       
   0         0         0         0         0         0       
   0         0         0         0         0         0       
   0         0         0         0         0         0       
   0         0         0         0         0         0       
   0         0         0         0         0         0       
   0         0         0         0         0         0       
   0         0         0         0         0         0       
   0         0         0         0         0         0       
   0         0         0         0         0         0       
   0         0         0         0         0         0       
   0         0         0         0         0         0       
   0         0         0         0         0         0       

QACC
  -7.1     
  -1.2e-05 
  -1.8     
  -0.28    
  -7.1     
  -1.2e-05 
  -1.8     
  -0.28    
  -7.1     
  -1.2e-05 
  -1.8     
  -0.28    
  -6.2     
   0.018   
   2.6e-05 
   1.3e-05 
   0       
   0       
  -9.8     
   0       
   0       
   0       

SENSOR
   1.7     
   0.19    
   0.19    
   0.048   
   1.3     
   0.095   
  -0.24    
   0.49    
   1.6     
  -0.14    
   0.25    
   0.057   
   2.1     
   0.15    
  -0.14    
   0.22    
   0       
   0       
   0       
   0       
   0       
   0       
   0       
   0       
   0       
   0       
   0       
   0       
   0       
   0       
   0       
   0       
   0       
   0       
   0       
   0       
   0       
   0       
   0       
   0       
   0       
   0       

TREE_ASLEEP
  -11
  -11
  -11
  -11
  -11

XPOS
   0         0         0       
   0         0         0.5     
  -0.007    -0.023     0.52    
   0.031    -0.0085    0.51    
   0.046    -0.023     0.52    
   0.082    -0.023     0.52    
  -0.0071    0.022     0.52    
   0.031     0.037     0.51    
   0.046     0.023     0.52    
   0.082     0.023     0.52    
  -0.0071    0.068     0.52    
   0.031     0.082     0.51    
   0.046     0.068     0.52    
   0.082     0.068     0.52    
  -0.069     0.0012    0.52    
  -0.082    -0.013     0.52    
  -0.082    -0.03      0.51    
  -0.082    -0.077     0.51    
  -0.033     0.04      0.66    

XQUAT
   1         0         0         0       
   0         1         0         0       
  -0.5       0.5       0.5       0.5     
  -3e-06     1        -3e-06     9e-12   
  -0.5       0.5      -0.5      -0.5     
  -0.5       0.5      -0.5      -0.5     
  -0.5       0.5       0.5       0.5     
  -3e-06     1        -3e-06     9e-12   
  -0.5       0.5      -0.5      -0.5     
  -0.5       0.5      -0.5      -0.5     
  -0.5       0.5       0.5       0.5     
  -3e-06     1        -3e-06     9e-12   
  -0.5       0.5      -0.5      -0.5     
  -0.5       0.5      -0.5      -0.5     
   0         0.71      0         0.71    
  -0.71      0.71      1.2e-07   1.2e-07 
   1.7e-07   1         9e-12     1.7e-07 
  -1.7e-07   1.3e-06  -1         1.7e-07 
   0.93      0.08     -0.05      0.36    

XMAT
   1         0         0         0         1         0         0         0         1       
   1         0         0         0        -1         0         0         0        -1       
   6e-06     1         6e-06    -1.8e-11  -6e-06     1         1        -6e-06    -1.8e-11 
   1        -6e-06     3.6e-11  -6e-06    -1         6e-06     4.6e-17  -6e-06    -1       
   6e-06    -1         1.8e-11   6e-06     5.4e-11   1        -1        -6e-06     6e-06   
   6e-06    -1         1.8e-11   6e-06     5.4e-11   1        -1        -6e-06     6e-06   
   6e-06     1         6e-06    -1.8e-11  -6e-06     1         1        -6e-06    -1.8e-11 
   1        -6e-06     3.6e-11  -6e-06    -1         6e-06     4.6e-17  -6e-06    -1       
   6e-06    -1         1.8e-11   6e-06     5.4e-11   1        -1        -6e-06     6e-06   
   6e-06    -1         1.8e-11   6e-06     5.4e-11   1        -1        -6e-06     6e-06   
   6e-06     1         6e-06    -1.8e-11  -6e-06     1         1        -6e-06    -1.8e-11 
   1        -6e-06     3.6e-11  -6e-06    -1         6e-06     4.6e-17  -6e-06    -1       
   6e-06    -1         1.8e-11   6e-06     5.4e-11   1        -1        -6e-06     6e-06   
   6e-06    -1         1.8e-11   6e-06     5.4e-11   1        -1        -6e-06     6e-06   
   5.7e-06   0         1         0        -1         0         1         0        -5.7e-06 
   1         3.4e-07  -1.6e-11   1.8e-11  -6e-06     1         3.4e-07  -1        -6e-06   
   1         1.8e-11   3.4e-07   1.8e-11  -1        -3.4e-07   3.4e-07   3.4e-07  -1       
  -1        -2.7e-06   3.4e-07  -2.7e-06   1        -3.4e-07  -3.4e-07  -3.4e-07  -1       
   0.74     -0.67     -0.035     0.66      0.73     -0.18      0.15      0.11      0.98    

XIPOS
   0         0         0       
  -0.05      0.043     0.51    
   0.027    -0.0066    0.5     
   0.039    -0.0083    0.52    
   0.075    -0.0078    0.51    
   0.11     -0.008     0.52    
   0.027     0.039     0.5     
   0.039     0.037     0.52    
   0.075     0.038     0.51    
   0.11      0.037     0.52    
   0.027     0.084     0.5     
   0.039     0.082     0.52    
   0.075     0.083     0.51    
   0.11      0.083     0.52    
  -0.08      0.0014    0.53    
  -0.082    -0.02      0.52    
  -0.084    -0.046     0.52    
  -0.083    -0.1       0.52    
  -0.033     0.04      0.66    

XIMAT
   1         0         0         0         1         0         0         0         1       
   0.0055   -0.95     -0.3       0.03     -0.3       0.95     -1        -0.014     0.027   
   0.11     -0.58     -0.81      0.97      0.24     -0.042     0.22     -0.78      0.58    
   3.6e-11   6e-06     1         6e-06     1        -6e-06    -1         6e-06     2.2e-16 
  -0.46      1.8e-11   0.89      5.3e-06   1         2.7e-06  -0.89      6e-06    -0.46    
   0.06      0.011     1        -0.0005    1        -0.011    -1         0.00016   0.06    
   0.11     -0.58     -0.81      0.97      0.24     -0.042     0.22     -0.78      0.58    
   3.6e-11   6e-06     1         6e-06     1        -6e-06    -1         6e-06     2.2e-16 
  -0.46      1.8e-11   0.89      5.3e-06   1         2.7e-06  -0.89      6e-06    -0.46    
   0.06      0.011     1        -0.0005    1        -0.011    -1         0.00016   0.06    
   0.11     -0.58     -0.81      0.97      0.24     -0.042     0.22     -0.78      0.58    
   3.6e-11   6e-06     1         6e-06     1        -6e-06    -1         6e-06     2.2e-16 
  -0.46      1.8e-11   0.89      5.3e-06   1         2.7e-06  -0.89      6e-06    -0.46    
   0.06      0.011     1        -0.0005    1        -0.011    -1         0.00016   0.06    
   1         0         5.7e-06  -0         1         0        -5.7e-06  -0         1       
   1        -1.6e-11  -3.4e-07   1.8e-11   1         6e-06     3.4e-07  -6e-06     1       
   0.95     -0.32      0.023    -0.023     0.0021    1        -0.32     -0.95     -0.0053  
   0.56      0.83      0.064     0.04      0.05     -1        -0.83      0.56     -0.0052  
   0.74     -0.67     -0.035     0.66      0.73     -0.18      0.15      0.11      0.98    

XANCHOR
  -0.007    -0.023     0.52    
   0.031    -0.0085    0.51    
   0.046    -0.023     0.52    
   0.082    -0.023     0.52    
  -0.0071    0.022     0.52    
   0.031     0.037     0.51    
   0.046     0.023     0.52    
   0.082     0.023     0.52    
  -0.0071    0.068     0.52    
   0.031     0.082     0.51    
   0.046     0.068     0.52    
   0.082     0.068     0.52    
  -0.069     0.0012    0.52    
  -0.082    -0.013     0.52    
  -0.082    -0.03      0.51    
  -0.082    -0.077     0.51    
  -0.033     0.04      0.66    

XAXIS
  -6e-06    -1         1.8e-11 
  -3.6e-11  -6e-06     1       
  -1.8e-11  -1        -6e-06   
  -1.8e-11  -1        -6e-06   
  -6e-06    -1         1.8e-11 
  -3.6e-11  -6e-06     1       
  -1.8e-11  -1        -6e-06   
  -1.8e-11  -1        -6e-06   
  -6e-06    -1         1.8e-11 
  -3.6e-11  -6e-06     1       
  -1.8e-11  -1        -6e-06   
  -1.8e-11  -1        -6e-06   
  -1         0         5.7e-06 
   1.6e-11  -1         6e-06   
  -3.4e-07   3.4e-07   1       
  -3.4e-07   3.4e-07   1       
   0         0         1       

GEOM_XPOS
   0         0         0.3     
  -0.047     0.038     0.51    
  -0.009    -0.008     0.51    
  -0.009     0.037     0.51    
  -0.009     0.082     0.51    
  -0.066     0.078     0.51    
  -0.03      0.035     0.5     
  -0.032     0.035     0.52    
  -0.048     0.033     0.51    
  -0.078     0.053     0.51    
  -0.098     0.009     0.51    
  -0.078     0.003     0.49    
   0.023    -0.0074    0.5     
   0.011    -0.0083    0.52    
   0.035    -0.008     0.49    
   0.013    -0.0084    0.49    
   0.028     0.006     0.49    
  -0.002     0.007     0.52    
  -0.002    -0.024     0.52    
   0.039    -0.0085    0.52    
   0.039    -0.0083    0.52    
   0.072    -0.0084    0.51    
   0.066    -0.0078    0.52    
   0.062    -0.0078    0.52    
   0.051     0.0072    0.52    
   0.051    -0.023     0.52    
   0.081    -0.0078    0.51    
   0.094    -0.0082    0.52    
   0.099    -0.0076    0.52    
   0.088     0.0074    0.52    
   0.088    -0.024     0.52    
   0.12     -0.0081    0.52    
   0.023     0.038     0.5     
   0.011     0.037     0.52    
   0.035     0.037     0.49    
   0.013     0.037     0.49    
   0.028     0.051     0.49    
  -0.0021    0.052     0.52    
  -0.0021    0.021     0.52    
   0.039     0.037     0.52    
   0.039     0.037     0.52    
   0.072     0.037     0.51    
   0.066     0.038     0.52    
   0.062     0.038     0.52    
   0.05      0.053     0.52    
   0.05      0.023     0.52    
   0.081     0.038     0.51    
   0.094     0.037     0.52    
   0.099     0.038     0.52    
   0.088     0.053     0.52    
   0.088     0.022     0.52    
   0.12      0.037     0.52    
   0.023     0.083     0.5     
   0.011     0.082     0.52    
   0.035     0.083     0.49    
   0.013     0.082     0.49    
   0.028     0.097     0.49    
  -0.0021    0.098     0.52    
  -0.0021    0.067     0.52    
   0.039     0.082     0.52    
   0.039     0.082     0.52    
   0.072     0.082     0.51    
   0.066     0.083     0.52    
   0.062     0.083     0.52    
   0.051     0.098     0.52    
   0.051     0.068     0.52    
   0.081     0.083     0.51    
   0.094     0.083     0.52    
   0.099     0.083     0.52    
   0.088     0.098     0.52    
   0.088     0.067     0.52    
   0.12      0.083     0.52    
  -0.08      0.0011    0.51    
  -0.08      0.0014    0.51    
  -0.082    -0.021     0.52    
  -0.082    -0.015     0.52    
  -0.082    -0.026     0.54    
  -0.082    -0.026     0.51    
  -0.084    -0.048     0.52    
  -0.082    -0.041     0.52    
  -0.082    -0.061     0.52    
  -0.082    -0.072     0.51    
  -0.082    -0.072     0.54    
  -0.096    -0.048     0.52    
  -0.084    -0.09      0.52    
  -0.082    -0.085     0.52    
  -0.082    -0.11      0.52    
  -0.097    -0.094     0.52    
  -0.081    -0.12      0.52    
  -0.033     0.04      0.66    
  -0.033     0.04      0.66    
  -0.0098    0.06      0.67    

GEOM_XMAT
   1         0         0         0         1         0         0         0         1       
   0.015    -0.97     -0.24      0.018    -0.24      0.97     -1        -0.019     0.014   
   1         0         0         0        -1         0         0         0        -1       
   1         0         0         0        -1         0         0         0        -1       
   1         0         0         0        -1         0         0         0        -1       
   0.96      0.29      0         0.29     -0.96      0         0         0        -1       
   1         0         0         0        -1         0         0         0        -1       
   0.71      0         0.71      0        -1         0         0.71      0        -0.71    
   1         0         0         0        -1         0         0         0        -1       
   1         0         0         0        -1         0         0         0        -1       
   1         0         0         0        -1         0         0         0        -1       
   1         0         0         0        -1         0         0         0        -1       
   0.28     -0.55     -0.78      0.86      0.5      -0.047     0.42     -0.66      0.62    
   6e-06     1         6e-06    -1.8e-11  -6e-06     1         1        -6e-06    -1.8e-11 
   6e-06     1         6e-06    -1.8e-11  -6e-06     1         1        -6e-06    -1.8e-11 
   6e-06     1         6e-06    -1.8e-11  -6e-06     1         1        -6e-06    -1.8e-11 
   6e-06     1         6e-06    -1.8e-11  -6e-06     1         1        -6e-06    -1.8e-11 
   6e-06     1         6e-06    -1.8e-11  -6e-06     1         1        -6e-06    -1.8e-11 
   6e-06     1         6e-06    -1.8e-11  -6e-06     1         1        -6e-06    -1.8e-11 
   0.03      0.016    -1        -0.045    -1        -0.017    -1         0.046    -0.03    
   1        -6e-06     3.6e-11  -6e-06    -1         6e-06     4.6e-17  -6e-06    -1       
  -0.35     -0.027    -0.94      0.049    -1         0.011    -0.94     -0.042     0.35    
   6e-06    -1         1.8e-11   6e-06     5.4e-11   1        -1        -6e-06     6e-06   
   6e-06    -1         1.8e-11   6e-06     5.4e-11   1        -1        -6e-06     6e-06   
   6e-06    -1         1.8e-11   6e-06     5.4e-11   1        -1        -6e-06     6e-06   
   6e-06    -1         1.8e-11   6e-06     5.4e-11   1        -1        -6e-06     6e-06   
   6e-06    -1         1.8e-11   6e-06     5.4e-11   1        -1        -6e-06     6e-06   
  -0.0022    1         5.4e-08   6e-06     6.7e-08  -1        -1        -0.0022   -6e-06   
   6e-06    -1         1.8e-11   6e-06     5.4e-11   1        -1        -6e-06     6e-06   
   6e-06    -1         1.8e-11   6e-06     5.4e-11   1        -1        -6e-06     6e-06   
   6e-06    -1         1.8e-11   6e-06     5.4e-11   1        -1        -6e-06     6e-06   
   0.077     0.0087    1         6e-06     1        -0.0088   -1         0.00068   0.077   
   0.28     -0.55     -0.78      0.86      0.5      -0.047     0.42     -0.66      0.62    
   6e-06     1         6e-06    -1.8e-11  -6e-06     1         1        -6e-06    -1.8e-11 
   6e-06     1         6e-06    -1.8e-11  -6e-06     1         1        -6e-06    -1.8e-11 
   6e-06     1         6e-06    -1.8e-11  -6e-06     1         1        -6e-06    -1.8e-11 
   6e-06     1         6e-06    -1.8e-11  -6e-06     1         1        -6e-06    -1.8e-11 
   6e-06     1         6e-06    -1.8e-11  -6e-06     1         1        -6e-06    -1.8e-11 
   6e-06     1         6e-06    -1.8e-11  -6e-06     1         1        -6e-06    -1.8e-11 
   0.03      0.016    -1        -0.045    -1        -0.017    -1         0.046    -0.03    
   1        -6e-06     3.6e-11  -6e-06    -1         6e-06     4.6e-17  -6e-06    -1       
  -0.35     -0.027    -0.94      0.049    -1         0.011    -0.94     -0.042     0.35    
   6e-06    -1         1.8e-11   6e-06     5.4e-11   1        -1        -6e-06     6e-06   
   6e-06    -1         1.8e-11   6e-06     5.4e-11   1        -1        -6e-06     6e-06   
   6e-06    -1         1.8e-11   6e-06     5.4e-11   1        -1        -6e-06     6e-06   
   6e-06    -1         1.8e-11   6e-06     5.4e-11   1        -1        -6e-06     6e-06   
   6e-06    -1         1.8e-11   6e-06     5.4e-11   1        -1        -6e-06     6e-06   
  -0.0022    1         2.7e-06   6e-06     2.7e-06  -1        -1        -0.0022   -6e-06   
   6e-06    -1         1.8e-11   6e-06     5.4e-11   1        -1        -6e-06     6e-06   
   6e-06    -1         1.8e-11   6e-06     5.4e-11   1        -1        -6e-06     6e-06   
   6e-06    -1         1.8e-11   6e-06     5.4e-11   1        -1        -6e-06     6e-06   
   0.077     0.0087    1         6e-06     1        -0.0088   -1         0.00068   0.077   
   0.28     -0.55     -0.78      0.86      0.5      -0.047     0.42     -0.66      0.62    
   6e-06     1         6e-06    -1.8e-11  -6e-06     1         1        -6e-06    -1.8e-11 
   6e-06     1         6e-06    -1.8e-11  -6e-06     1         1        -6e-06    -1.8e-11 
   6e-06     1         6e-06    -1.8e-11  -6e-06     1         1        -6e-06    -1.8e-11 
   6e-06     1         6e-06    -1.8e-11  -6e-06     1         1        -6e-06    -1.8e-11 
   6e-06     1         6e-06    -1.8e-11  -6e-06     1         1        -6e-06    -1.8e-11 
   6e-06     1         6e-06    -1.8e-11  -6e-06     1         1        -6e-06    -1.8e-11 
   0.03      0.016    -1        -0.045    -1        -0.017    -1         0.046    -0.03    
   1        -6e-06     3.6e-11  -6e-06    -1         6e-06     4.6e-17  -6e-06    -1       
  -0.35     -0.027    -0.94      0.049    -1         0.011    -0.94     -0.042     0.35    
   6e-06    -1         1.8e-11   6e-06     5.4e-11   1        -1        -6e-06     6e-06   
   6e-06    -1         1.8e-11   6e-06     5.4e-11   1        -1        -6e-06     6e-06   
   6e-06    -1         1.8e-11   6e-06     5.4e-11   1        -1        -6e-06     6e-06   
   6e-06    -1         1.8e-11   6e-06     5.4e-11   1        -1        -6e-06     6e-06   
   6e-06    -1         1.8e-11   6e-06     5.4e-11   1        -1        -6e-06     6e-06   
  -0.0022    1         2.7e-06   6e-06     2.7e-06  -1        -1        -0.0022   -6e-06   
   6e-06    -1         1.8e-11   6e-06     5.4e-11   1        -1        -6e-06     6e-06   
   6e-06    -1         1.8e-11   6e-06     5.4e-11   1        -1        -6e-06     6e-06   
   6e-06    -1         1.8e-11   6e-06     5.4e-11   1        -1        -6e-06     6e-06   
   0.077     0.0087    1         6e-06     1        -0.0088   -1         0.00068   0.077   
   1        -0.046     0.03     -0.045    -1        -0.017     0.03      0.016    -1       
   5.7e-06   0         1         0        -1         0         1         0        -5.7e-06 
   1        -1.4e-11  -3.4e-07   1.8e-11   1         1.2e-05   3.4e-07  -1.2e-05   1       
   1         3.4e-07  -1.6e-11   1.8e-11  -6e-06     1         3.4e-07  -1        -6e-06   
   1         3.4e-07  -1.6e-11   1.8e-11  -6e-06     1         3.4e-07  -1        -6e-06   
   1         3.4e-07  -1.6e-11   1.8e-11  -6e-06     1         3.4e-07  -1        -6e-06   
   1        -0.072    -0.0047    0.0043   -0.0051    1        -0.072    -1        -0.0048  
   1         1.8e-11   3.4e-07   1.8e-11  -1        -3.4e-07   3.4e-07   3.4e-07  -1       
   1         1.8e-11   3.4e-07   1.8e-11  -1        -3.4e-07   3.4e-07   3.4e-07  -1       
   1         1.8e-11   3.4e-07   1.8e-11  -1        -3.4e-07   3.4e-07   3.4e-07  -1       
   1         1.8e-11   3.4e-07   1.8e-11  -1        -3.4e-07   3.4e-07   3.4e-07  -1       
   1         1.8e-11   3.4e-07   1.8e-11  -1        -3.4e-07   3.4e-07   3.4e-07  -1       
  -0.97     -0.24     -0.051     0.049     0.016    -1         0.24     -0.97     -0.0041  
  -1        -2.7e-06   3.4e-07  -2.7e-06   1        -3.4e-07  -3.4e-07  -3.4e-07  -1       
  -1        -2.7e-06   3.4e-07  -2.7e-06   1        -3.4e-07  -3.4e-07  -3.4e-07  -1       
  -1        -2.7e-06   3.4e-07  -2.7e-06   1        -3.4e-07  -3.4e-07  -3.4e-07  -1       
  -1        -0.00031   0.076    -0.076     0.004    -1        -3.2e-07  -1        -0.004   
   0.74     -0.67     -0.035     0.66      0.73     -0.18      0.15      0.11      0.98    
   0.74     -0.67     -0.035     0.66      0.73     -0.18      0.15      0.11      0.98    
   0.74      0.67      0.035     0.66     -0.73      0.18      0.15     -0.11     -0.98    

LIGHT_XPOS
   0         0         1.5     

LIGHT_XDIR
   0         0        -1       

SUBTREE_COM
  -0.0033    0.025     0.52    
  -0.0014    0.024     0.51    
   0.054    -0.0076    0.51    
   0.068    -0.008     0.52    
   0.086    -0.0079    0.52    
   0.11     -0.008     0.52    
   0.054     0.038     0.51    
   0.068     0.037     0.52    
   0.085     0.038     0.52    
   0.11      0.037     0.52    
   0.054     0.083     0.51    
   0.068     0.083     0.52    
   0.085     0.083     0.52    
   0.11      0.083     0.52    
  -0.083    -0.055     0.52    
  -0.084    -0.075     0.52    
  -0.084    -0.077     0.52    
  -0.083    -0.1       0.52    
  -0.033     0.04      0.66    

CDOF
  -6e-06    -1         1.8e-11   0.0067   -4e-08     0.0056  
  -3.6e-11  -6e-06     1        -0.033    -0.032    -1.9e-07 
  -1.8e-11  -1        -6e-06     0.0075    2.8e-07  -0.047   
  -1.8e-11  -1        -6e-06     0.0075    5e-07    -0.084   
  -6e-06    -1         1.8e-11   0.0067   -4e-08     0.0057  
  -3.6e-11  -6e-06     1         0.013    -0.032    -1.9e-07 
  -1.8e-11  -1        -6e-06     0.0075    2.8e-07  -0.047   
  -1.8e-11  -1        -6e-06     0.0075    5e-07    -0.083   
  -6e-06    -1         1.8e-11   0.0067   -4e-08     0.0057  
  -3.6e-11  -6e-06     1         0.058    -0.032    -1.9e-07 
  -1.8e-11  -1        -6e-06     0.0075    2.8e-07  -0.047   
  -1.8e-11  -1        -6e-06     0.0075    5e-07    -0.083   
  -1         0         5.7e-06  -1.3e-07  -0.0096   -0.023   
   1.6e-11  -1         6e-06     0.0096    4.9e-07   0.081   
  -3.4e-07   3.4e-07   1        -0.054     0.081    -4.6e-08 
  -3.4e-07   3.4e-07   1        -0.1       0.081    -6.2e-08 
   0         0         0         1         0         0       
   0         0         0         0         1         0       
   0         0         0         0         0         1       
   0.74      0.66      0.15     -1e-18     0         5.1e-18 
  -0.67      0.73      0.11     -7.8e-19   0        -4.7e-18 
  -0.035    -0.18      0.98     -6.8e-18   0        -2.4e-19 

CINERT
   0         0         0         0         0         0         0         0         0         0       
   0.00038   0.00074   0.001     0.00025  -2e-05     1.7e-06  -0.011     0.0044   -0.00043   0.24    
   6.3e-05   6.4e-05   9e-05     3.8e-05   2.4e-05  -2.1e-05   0.0012   -0.0014   -0.0007    0.044   
   3.8e-05   5.6e-05   9e-05     4.2e-05  -7e-06     5.7e-06   0.0013   -0.001     0.00018   0.032   
   4.4e-05   0.00023   0.00026   9.1e-05  -4.6e-06   2.4e-06   0.0028   -0.0012    7.6e-05   0.037   
   1.9e-05   0.0002    0.00022   5.7e-05  -1.5e-05   4.3e-06   0.0018   -0.00052   0.00013   0.016   
   3.1e-05   6.3e-05   5.7e-05  -1.8e-05   2.4e-05   1.1e-05   0.0012    0.00064  -0.0007    0.044   
   9.3e-06   5.6e-05   6.1e-05  -1.6e-05  -7e-06    -2.2e-06   0.0013    0.00041   0.00018   0.032   
   1.3e-05   0.00022   0.00023  -3.8e-05  -4.6e-06  -1e-06     0.0028    0.00049   7.6e-05   0.037   
   5.5e-06   0.0002    0.0002   -2.3e-05  -1.5e-05  -1.8e-06   0.0018    0.00021   0.00013   0.016   
   0.00018   6.3e-05   0.00021  -7.4e-05   2.4e-05   4.2e-05   0.0012    0.0026   -0.0007    0.044   
   0.00011   5.6e-05   0.00016  -7.4e-05  -7e-06    -1e-05     0.0013    0.0019    0.00018   0.032   
   0.00013   0.00022   0.00035  -0.00017  -4.6e-06  -4.5e-06   0.0028    0.0022    7.6e-05   0.037   
   5.8e-05   0.0002    0.00025  -0.0001   -1.5e-05  -7.8e-06   0.0018    0.00094   0.00013   0.016   
   3.1e-05   0.00021   0.00022  -5.8e-05   4.3e-05   1.2e-05  -0.0025   -0.00073   0.00055   0.032   
   6.8e-06   2e-05     2.6e-05  -1.1e-05   2.3e-06   1.3e-06  -0.00024  -0.00013   2.9e-05   0.003   
   0.0002    0.00027   0.00046  -0.00022   2.8e-05   2.4e-05  -0.0032   -0.0027    0.00033   0.038   
   0.00079   0.00034   0.0011   -0.0005    3.7e-05   5.7e-05  -0.004    -0.0061    0.00046   0.049   
   0.0001    0.0001    0.0001    1.5e-21   0         3.4e-21   0        -3.5e-19   0         0.05    

ACTUATOR_LENGTH
   1.7     
   0.19    
   0.19    
   0.048   
   1.3     
   0.095   
  -0.24    
   0.49    
   1.6     
  -0.14    
   0.25    
   0.057   
   2.1     
   0.15    
  -0.14    
   0.22    

actuator_moment
------------------------
 x                      |
  x                     |
   x                    |
    x                   |
     x                  |
      x                 |
       x                |
        x               |
         x              |
          x             |
           x            |
            x           |
             x          |
              x         |
               x        |
                x       |
------------------------

ACTUATOR_MOMENT
     0:  1       
     1:  1       
     2:  1       
     3:  1       
     4:  1       
     5:  1       
     6:  1       
     7:  1       
     8:  1       
     9:  1       
    10:  1       
    11:  1       
    12:  1       
    13:  1       
    14:  1       
    15:  1       

CRB
   0         0         0         0         0         0         0         0         0         0       
   0.0021    0.0032    0.005    -0.00083   8.2e-05   0.00011  -3.5e-18  -6.9e-18  -4.4e-18   0.75    
   0.00017   0.00055   0.00066   0.00023  -2.6e-06  -8.6e-06   0.0071   -0.0041   -0.00031   0.13    
   0.0001    0.00048   0.00057   0.00019  -2.7e-05   1.2e-05   0.0059   -0.0027    0.00038   0.085   
   6.4e-05   0.00043   0.00048   0.00015  -2e-05     6.7e-06   0.0046   -0.0017    0.00021   0.053   
   1.9e-05   0.0002    0.00022   5.7e-05  -1.5e-05   4.3e-06   0.0018   -0.00052   0.00013   0.016   
   5.8e-05   0.00054   0.00055  -9.5e-05  -2.6e-06   5.6e-06   0.0071    0.0018   -0.00031   0.13    
   2.8e-05   0.00048   0.00049  -7.7e-05  -2.6e-05  -5e-06     0.0059    0.0011    0.00038   0.085   
   1.8e-05   0.00042   0.00043  -6.1e-05  -2e-05    -2.8e-06   0.0046    0.0007    0.00021   0.053   
   5.5e-06   0.0002    0.0002   -2.3e-05  -1.5e-05  -1.8e-06   0.0018    0.00021   0.00013   0.016   
   0.00048   0.00054   0.00098  -0.00042  -2.6e-06   2e-05     0.0071    0.0076   -0.00031   0.13    
   0.0003    0.00048   0.00077  -0.00034  -2.6e-05  -2.2e-05   0.0059    0.005     0.00038   0.085   
   0.00019   0.00042   0.00061  -0.00027  -2e-05    -1.2e-05   0.0046    0.0031    0.00021   0.053   
   5.8e-05   0.0002    0.00025  -0.0001   -1.5e-05  -7.8e-06   0.0018    0.00094   0.00013   0.016   
   0.001     0.00084   0.0018   -0.00079   0.00011   9.4e-05  -0.0099   -0.0097    0.0014    0.12    
   0.001     0.00063   0.0016   -0.00073   6.7e-05   8.2e-05  -0.0074   -0.0089    0.00082   0.09    
   0.00099   0.00061   0.0016   -0.00072   6.5e-05   8e-05    -0.0072   -0.0088    0.00079   0.087   
   0.00079   0.00034   0.0011   -0.0005    3.7e-05   5.7e-05  -0.004    -0.0061    0.00046   0.049   
   0.0001    0.0001    0.0001    1.5e-21   0         3.4e-21   0        -3.5e-19   0         0.05    

QM
   0.011   
  -1.1e-07   0.01    
   0.00022  -1.3e-07   0.01    
   5.3e-05   5.7e-09   3e-05     0.01    
                                           0.011   
                                          -1.1e-07   0.01    
                                           0.00022  -1.3e-07   0.01    
                                           5.3e-05   5.7e-09   3e-05     0.01    
                                                                                   0.011   
                                                                                  -1.1e-07   0.01    
                                                                                   0.00022  -1.3e-07   0.01    
                                                                                   5.3e-05   5.7e-09   3e-05     0.01    
                                                                                                                           0.011   
                                                                                                                          -7.6e-06   0.01    
                                                                                                                           4.4e-07   1.5e-06   0.01    
                                                                                                                           2.2e-07   4.3e-07   0.0001    0.01    
                                                                                                                                                                   0.05    
                                                                                                                                                                   0         0.05    
                                                                                                                                                                   0         0         0.05    
                                                                                                                                                                   0         0         0         0.0001  
                                                                                                                                                                   0         0         0         0         0.0001  
                                                                                                                                                                   0         0         0         0         0         0.0001  

M
     0:  0.011   
     0: -1.1e-07    1:  0.01    
     0:  0.00022    1: -1.3e-07    2:  0.01    
     0:  5.3e-05    1:  5.7e-09    2:  3e-05      3:  0.01    
     4:  0.011   
     4: -1.1e-07    5:  0.01    
     4:  0.00022    5: -1.3e-07    6:  0.01    
     4:  5.3e-05    5:  5.7e-09    6:  3e-05      7:  0.01    
     8:  0.011   
     8: -1.1e-07    9:  0.01    
     8:  0.00022    9: -1.3e-07   10:  0.01    
     8:  5.3e-05    9:  5.7e-09   10:  3e-05     11:  0.01    
    12:  0.011   
    12: -7.6e-06   13:  0.01    
    12:  4.4e-07   13:  1.5e-06   14:  0.01    
    12:  2.2e-07   13:  4.3e-07   14:  0.0001    15:  0.01    
    16:  0.05    
    17:  0.05    
    18:  0.05    
    19:  0.0001  
    20:  0.0001  
    21:  0.0001  

QLD
     0:  0.011   
     0: -1.1e-05    1:  0.01    
     0:  0.022      1: -1.3e-05    2:  0.01    
     0:  0.0053     1:  5.7e-07    2:  0.003      3:  0.01    
     4:  0.011   
     4: -1.1e-05    5:  0.01    
     4:  0.022      5: -1.3e-05    6:  0.01    
     4:  0.0053     5:  5.7e-07    6:  0.003      7:  0.01    
     8:  0.011   
     8: -1.1e-05    9:  0.01    
     8:  0.022      9: -1.3e-05   10:  0.01    
     8:  0.0053     9:  5.7e-07   10:  0.003     11:  0.01    
    12:  0.011   
    12: -0.00076   13:  0.01    
    12:  4.3e-05   13:  0.00015   14:  0.01    
    12:  2.2e-05   13:  4.3e-05   14:  0.01      15:  0.01    
    16:  0.05    
    17:  0.05    
    18:  0.05    
    19:  0.0001  
    20:  0.0001  
    21:  0.0001  

QLDIAGINV
   94      
   98      
   99      
   1e+02   
   94      
   98      
   99      
   1e+02   
   94      
   98      
   99      
   1e+02   
   94      
   1e+02   
   97      
   1e+02   
   20      
   20      
   20      
   1e+04   
   1e+04   
   1e+04   

M: inertia structure
------------------------
 x                      |
 xx                     |
 xxx                    |
 xxxx                   |
     x                  |
     xx                 |
     xxx                |
     xxxx               |
         x              |
         xx             |
         xxx            |
         xxxx           |
             x          |
             xx         |
             xxx        |
             xxxx       |
                 x      |
                  x     |
                   x    |
                    x   |
                     x  |
                      x |
------------------------

iM: block-diagonal inertia (nnzs are island ids)
------------------
 0                |
 00               |
 000              |
 0000             |
     1            |
     11           |
     111          |
     1111         |
         2        |
         22       |
         222      |
         2222     |
             3    |
             33   |
             333  |
             3333 |
------------------

TREE_AWAKE
  1 1 1 1 1

BODY_AWAKE
  -1 -1 1 1 1 1 1 1 1 1 1 1 1 1 1 1 1 1 1

BODY_AWAKE_IND
  0 1 2 3 4 5 6 7 8 9 10 11 12 13 14 15 16 17 18

PARENT_AWAKE_IND
  1 2 3 4 5 6 7 8 9 10 11 12 13 14 15 16 17 18

DOF_AWAKE_IND
  0 1 2 3 4 5 6 7 8 9 10 11 12 13 14 15 16 17 18 19 20 21

EFC_TYPE
  1
  1
  1
  1
  1
  1
  1
  1
  1
  1
  1
  1
  1
  1
  1
  1

EFC_ID
  0
  1
  2
  3
  4
  5
  6
  7
  8
  9
  10
  11
  12
  13
  14
  15

EFC_J
   1         0         0         0         0         0         0         0         0         0         0         0         0         0         0         0         0         0         0         0         0         0       
   0         1         0         0         0         0         0         0         0         0         0         0         0         0         0         0         0         0         0         0         0         0       
   0         0         1         0         0         0         0         0         0         0         0         0         0         0         0         0         0         0         0         0         0         0       
   0         0         0         1         0         0         0         0         0         0         0         0         0         0         0         0         0         0         0         0         0         0       
   0         0         0         0         1         0         0         0         0         0         0         0         0         0         0         0         0         0         0         0         0         0       
   0         0         0         0         0         1         0         0         0         0         0         0         0         0         0         0         0         0         0         0         0         0       
   0         0         0         0         0         0         1         0         0         0         0         0         0         0         0         0         0         0         0         0         0         0       
   0         0         0         0         0         0         0         1         0         0         0         0         0         0         0         0         0         0         0         0         0         0       
   0         0         0         0         0         0         0         0         1         0         0         0         0         0         0         0         0         0         0         0         0         0       
   0         0         0         0         0         0         0         0         0         1         0         0         0         0         0         0         0         0         0         0         0         0       
   0         0         0         0         0         0         0         0         0         0         1         0         0         0         0         0         0         0         0         0         0         0       
   0         0         0         0         0         0         0         0         0         0         0         1         0         0         0         0         0         0         0         0         0         0       
   0         0         0         0         0         0         0         0         0         0         0         0         1         0         0         0         0         0         0         0         0         0       
   0         0         0         0         0         0         0         0         0         0         0         0         0         1         0         0         0         0         0         0         0         0       
   0         0         0         0         0         0         0         0         0         0         0         0         0         0         1         0         0         0         0         0         0         0       
   0         0         0         0         0         0         0         0         0         0         0         0         0         0         0         1         0         0         0         0         0         0       

IEFC_J
   1         0         0         0       ......... ......... ......... ......... ......... ......... ......... ......... ......... ......... ......... ......... 
   0         1         0         0       ......... ......... ......... ......... ......... ......... ......... ......... ......... ......... ......... ......... 
   0         0         1         0       ......... ......... ......... ......... ......... ......... ......... ......... ......... ......... ......... ......... 
   0         0         0         1       ......... ......... ......... ......... ......... ......... ......... ......... ......... ......... ......... ......... 
 ......... ......... ......... .........   1         0         0         0       ......... ......... ......... ......... ......... ......... ......... ......... 
 ......... ......... ......... .........   0         1         0         0       ......... ......... ......... ......... ......... ......... ......... ......... 
 ......... ......... ......... .........   0         0         1         0       ......... ......... ......... ......... ......... ......... ......... ......... 
 ......... ......... ......... .........   0         0         0         1       ......... ......... ......... ......... ......... ......... ......... ......... 
 ......... ......... ......... ......... ......... ......... ......... .........   1         0         0         0       ......... ......... ......... ......... 
 ......... ......... ......... ......... ......... ......... ......... .........   0         1         0         0       ......... ......... ......... ......... 
 ......... ......... ......... ......... ......... ......... ......... .........   0         0         1         0       ......... ......... ......... ......... 
 ......... ......... ......... ......... ......... ......... ......... .........   0         0         0         1       ......... ......... ......... ......... 
 ......... ......... ......... ......... ......... ......... ......... ......... ......... ......... ......... .........   1         0         0         0       
 ......... ......... ......... ......... ......... ......... ......... ......... ......... ......... ......... .........   0         1         0         0       
 ......... ......... ......... ......... ......... ......... ......... ......... ......... ......... ......... .........   0         0         1         0       
 ......... ......... ......... ......... ......... ......... ......... ......... ......... ......... ......... .........   0         0         0         1       

EFC_POS
   0       
   0       
   0       
   0       
   0       
   0       
   0       
   0       
   0       
   0       
   0       
   0       
   0       
   0       
   0       
   0       

EFC_MARGIN
   0       
   0       
   0       
   0       
   0       
   0       
   0       
   0       
   0       
   0       
   0       
   0       
   0       
   0       
   0       
   0       

EFC_FRICTIONLOSS
   0.001   
   0.001   
   0.001   
   0.001   
   0.001   
   0.001   
   0.001   
   0.001   
   0.001   
   0.001   
   0.001   
   0.001   
   0.001   
   0.001   
   0.001   
   0.001   

EFC_DIAGAPPROX
   94      
   98      
   99      
   1e+02   
   94      
   98      
   99      
   1e+02   
   94      
   98      
   99      
   1e+02   
   94      
   1e+02   
   97      
   1e+02   

EFC_KBIP
   0         1.1e+02   0.9       0       
   0         1.1e+02   0.9       0       
   0         1.1e+02   0.9       0       
   0         1.1e+02   0.9       0       
   0         1.1e+02   0.9       0       
   0         1.1e+02   0.9       0       
   0         1.1e+02   0.9       0       
   0         1.1e+02   0.9       0       
   0         1.1e+02   0.9       0       
   0         1.1e+02   0.9       0       
   0         1.1e+02   0.9       0       
   0         1.1e+02   0.9       0       
   0         1.1e+02   0.9       0       
   0         1.1e+02   0.9       0       
   0         1.1e+02   0.9       0       
   0         1.1e+02   0.9       0       

EFC_D
   0.096   
   0.092   
   0.091   
   0.09    
   0.096   
   0.092   
   0.091   
   0.09    
   0.096   
   0.092   
   0.091   
   0.09    
   0.096   
   0.09    
   0.093   
   0.09    

EFC_R
   10      
   11      
   11      
   11      
   10      
   11      
   11      
   11      
   10      
   11      
   11      
   11      
   10      
   11      
   11      
   11      

ACTUATOR_VELOCITY
   0       
   0       
   0       
   0       
   0       
   0       
   0       
   0       
   0       
   0       
   0       
   0       
   0       
   0       
   0       
   0       

CVEL
   0         0         0         0         0         0       
   0         0         0         0         0         0       
   0         0         0         0         0         0       
   0         0         0         0         0         0       
   0         0         0         0         0         0       
   0         0         0         0         0         0       
   0         0         0         0         0         0       
   0         0         0         0         0         0       
   0         0         0         0         0         0       
   0         0         0         0         0         0       
   0         0         0         0         0         0       
   0         0         0         0         0         0       
   0         0         0         0         0         0       
   0         0         0         0         0         0       
   0         0         0         0         0         0       
   0         0         0         0         0         0       
   0         0         0         0         0         0       
   0         0         0         0         0         0       
   0         0         0         0         0         0       

CDOF_DOT
   0        -0         0         0         0         0       
   0        -0         0         0         0         0       
   0         0         0         0         0         0       
   0         0         0         0         0         0       
   0        -0         0         0         0         0       
   0        -0         0         0         0         0       
   0         0         0         0         0         0       
   0         0         0         0         0         0       
   0        -0         0         0         0         0       
   0        -0         0         0         0         0       
   0         0         0         0         0         0       
   0         0         0         0         0         0       
   0        -0         0         0         0         0       
   0         0        -0         0         0         0       
   0        -0         0         0         0         0       
   0        -0         0         0         0         0       
   0         0         0         0         0         0       
   0         0         0         0         0         0       
   0         0         0         0         0         0       
   0         0         0         0         0         0       
   0        -0         0         0         0         0       
   0        -0         0         0         0         0       

QFRC_BIAS
   0.077   
   1.8e-07 
   0.02    
   0.0042  
   0.077   
   1.8e-07 
   0.02    
   0.0042  
   0.077   
   1.8e-07 
   0.02    
   0.0042  
   0.067   
  -0.0012  
   1.4e-08 
   4.2e-09 
   0       
   0       
   0.49    
   0       
   0       
   0       

QFRC_SPRING
   0       
   0       
   0       
   0       
   0       
   0       
   0       
   0       
   0       
   0       
   0       
   0       
   0       
   0       
   0       
   0       
   0       
   0       
   0       
   0       
   0       
   0       

QFRC_DAMPER
  -0       
  -0       
  -0       
  -0       
  -0       
  -0       
  -0       
  -0       
  -0       
  -0       
  -0       
  -0       
  -0       
  -0       
  -0       
  -0       
   0       
   0       
   0       
   0       
   0       
   0       

QFRC_GRAVCOMP
   0       
   0       
   0       
   0       
   0       
   0       
   0       
   0       
   0       
   0       
   0       
   0       
   0       
   0       
   0       
   0       
   0       
   0       
   0       
   0       
   0       
   0       

QFRC_FLUID
   0       
   0       
   0       
   0       
   0       
   0       
   0       
   0       
   0       
   0       
   0       
   0       
   0       
   0       
   0       
   0       
   0       
   0       
   0       
   0       
   0       
   0       

QFRC_PASSIVE
   0       
   0       
   0       
   0       
   0       
   0       
   0       
   0       
   0       
   0       
   0       
   0       
   0       
   0       
   0       
   0       
   0       
   0       
   0       
   0       
   0       
   0       

EFC_VEL
   0       
   0       
   0       
   0       
   0       
   0       
   0       
   0       
   0       
   0       
   0       
   0       
   0       
   0       
   0       
   0       

EFC_AREF
  -0       
  -0       
  -0       
  -0       
  -0       
  -0       
  -0       
  -0       
  -0       
  -0       
  -0       
  -0       
  -0       
  -0       
  -0       
  -0       

SUBTREE_LINVEL
   0         0         0       
   0         0         0       
   0         0         0       
   0         0         0       
   0         0         0       
   0         0         0       
   0         0         0       
   0         0         0       
   0         0         0       
   0         0         0       
   0         0         0       
   0         0         0       
   0         0         0       
   0         0         0       
   0         0         0       
   0         0         0       
   0         0         0       
   0         0         0       
   0         0         0       

SUBTREE_ANGMOM
   0         0         0       
   0         0         0       
   0         0         0       
   0         0         0       
   0         0         0       
   0         0         0       
   0         0         0       
   0         0         0       
   0         0         0       
   0         0         0       
   0         0         0       
   0         0         0       
   0         0         0       
   0         0         0       
   0         0         0       
   0         0         0       
   0         0         0       
   0         0         0       
   0         0         0       

ACTUATOR_FORCE
   0       
   0       
   0       
   0       
   0       
   0       
   0       
   0       
   0       
   0       
   0       
   0       
   0       
   0       
   0       
   0       

QFRC_ACTUATOR
   0       
   0       
   0       
   0       
   0       
   0       
   0       
   0       
   0       
   0       
   0       
   0       
   0       
   0       
   0       
   0       
   0       
   0       
   0       
   0       
   0       
   0       

QFRC_SMOOTH
  -0.077   
  -1.8e-07 
  -0.02    
  -0.0042  
  -0.077   
  -1.8e-07 
  -0.02    
  -0.0042  
  -0.077   
  -1.8e-07 
  -0.02    
  -0.0042  
  -0.067   
   0.0012  
  -1.4e-08 
  -4.2e-09 
   0       
   0       
  -0.49    
   0       
   0       
   0       

QACC_SMOOTH
  -7.2     
  -0.00012 
  -1.9     
  -0.38    
  -7.2     
  -0.00012 
  -1.9     
  -0.38    
  -7.2     
  -0.00012 
  -1.9     
  -0.38    
  -6.3     
   0.12    
   0.00025 
   0.00013 
   0       
   0       
  -9.8     
   0       
   0       
   0       

EFC_B
  -7.2     
  -0.00012 
  -1.9     
  -0.38    
  -7.2     
  -0.00012 
  -1.9     
  -0.38    
  -7.2     
  -0.00012 
  -1.9     
  -0.38    
  -6.3     
   0.12    
   0.00025 
   0.00013 

EFC_FORCE
   0.001   
   1.1e-06 
   0.001   
   0.001   
   0.001   
   1.1e-06 
   0.001   
   0.001   
   0.001   
   1.1e-06 
   0.001   
   0.001   
   0.001   
  -0.001   
  -2.5e-06 
  -1.2e-06 

EFC_STATE
  2
  1
  2
  2
  2
  1
  2
  2
  2
  1
  2
  2
  2
  3
  1
  1

QFRC_CONSTRAINT
   0.001   
   1.1e-06 
   0.001   
   0.001   
   0.001   
   1.1e-06 
   0.001   
   0.001   
   0.001   
   1.1e-06 
   0.001   
   0.001   
   0.001   
  -0.001   
  -2.5e-06 
  -1.2e-06 
   0       
   0       
   0       
   0       
   0       
   0       

QFRC_INVERSE
   0       
   0       
   0       
   0       
   0       
   0       
   0       
   0       
   0       
   0       
   0       
   0       
   0       
   0       
   0       
   0       
   0       
   0       
   0       
   0       
   0       
   0       

CACC
   0         0         0         0         0         0       
   0         0         0         0         0         0       
   0         0         0         0         0         0       
   0         0         0         0         0         0       
   0         0         0         0         0         0       
   0         0         0         0         0         0       
   0         0         0         0         0         0       
   0         0         0         0         0         0       
   0         0         0         0         0         0       
   0         0         0         0         0         0       
   0         0         0         0         0         0       
   0         0         0         0         0         0       
   0         0         0         0         0         0       
   0         0         0         0         0         0       
   0         0         0         0         0         0       
   0         0         0         0         0         0       
   0         0         0         0         0         0       
   0         0         0         0         0         0       
   0         0         0         0         0         0       

CFRC_INT
   0         0         0         0         0         0       
   0         0         0         0         0         0       
   0         0         0         0         0         0       
   0         0         0         0         0         0       
   0         0         0         0         0         0       
   0         0         0         0         0         0       
   0         0         0         0         0         0       
   0         0         0         0         0         0       
   0         0         0         0         0         0       
   0         0         0         0         0         0       
   0         0         0         0         0         0       
   0         0         0         0         0         0       
   0         0         0         0         0         0       
   0         0         0         0         0         0       
   0         0         0         0         0         0       
   0         0         0         0         0         0       
   0         0         0         0         0         0       
   0         0         0         0         0         0       
   0         0         0         0         0         0       

CFRC_EXT
   0         0         0         0         0         0       
   0         0         0         0         0         0       
   0         0         0         0         0         0       
   0         0         0         0         0         0       
   0         0         0         0         0         0       
   0         0         0         0         0         0       
   0         0         0         0         0         0       
   0         0         0         0         0         0       
   0         0         0         0         0         0       
   0         0         0         0         0         0       
   0         0         0         0         0         0       
   0         0         0         0         0         0       
   0         0         0         0         0         0       
   0         0         0         0         0         0       
   0         0         0         0         0         0       
   0         0         0         0         0         0       
   0         0         0         0         0         0       
   0         0         0         0         0         0       
   0         0         0         0         0         0       

TREE_ISLAND
  0 1 2 3 -1

ISLAND_NTREE
  1 1 1 1

ISLAND_ITREEADR
  0 1 2 3

MAP_ITREE2TREE
  0 1 2 3 4

DOF_ISLAND            0 0 0 0 1 1 1 1 2 2 2 2 3 3 3 3 -1 -1 -1 -1 -1 -1

ISLAND_NV             4 4 4 4

ISLAND_IDOFADR        0 4 8 12

MAP_IDOF2DOF          0 1 2 3 | 4 5 6 7 | 8 9 10 11 | 12 13 14 15 | 16 17 18 19 20 21

EFC_ISLAND            0 0 0 0 1 1 1 1 2 2 2 2 3 3 3 3

ISLAND_NEFC           4 4 4 4

ISLAND_IEFCADR        0 4 8 12

MAP_IEFC2EFC          0 1 2 3 | 4 5 6 7 | 8 9 10 11 | 12 13 14 15

